KNN 10
((929, 888), (102, 1472))
Test : 0.8066914515062665 0.001711697776351173 0.3933497385135992 0.00313046595143219
Train: 0.9561358176355436 9.543802066566361e-05 0.6406970480790474 0.0004893829627381236
KNN 10
((929, 2337), (102, 1472))
Test : 0.8089912068203697 0.002051522417616641 0.4067691635595413 0.004292242104645014
Train: 0.9614594599628635 0.00011377597396816095 0.6686708995705505 0.0007761198491452653
KNN 10
((929, 2667), (102, 1472))
Test : 0.820440423846281 0.001648503004903708 0.42772835485443805 0.0038434416321693875
Train: 0.9643330074577516 0.00014869624671587568 0.68989459667363 0.0009237034733245037
KNN 10
((929, 888), (102, 557))
Test : 0.7623036446302806 0.002744348307934418 0.46205616990781656 0.0035608737127739956
Train: 0.9104272543046317 0.00020687228064298951 0.6795690746171994 0.0005139706813319949
KNN 10
((929, 2667), (102, 557))
Test : 0.7766131556998728 0.003384412337837956 0.4881380554899083 0.003657697629798079
Train: 0.9238953511511483 0.0009819305514473578 0.7159101726347092 0.003555564850016579
KNN 10
((929, 2667), (102, 557))
Test : 0.7831661639996422 0.002421173709310054 0.49891825250113203 0.004349516067425377
Train: 0.9272658525778628 0.00030902831894689595 0.7265819798312633 0.0008571564541066415
