k-NN
0.8930323544012128 0.0017380986540086224 0.41858184658070474 0.004322384470765782
SVM
0.9012009209815839 0.001192707477404569 0.43046374425303735 0.003876308578806695
RF
0.8821548507452558 0.002818969230470658 0.41508892141381726 0.003592799976836384
LR
0.8690710252008556 0.0013786215895636744 0.35871645506856237 0.0009395132697238876
CCA
0.8803962281041707 0.0011393975587677652 0.380159789545454 0.007619925078105446
MF
0.9000023333333033 0.0018983655917843435 0.43080244672691165 0.005092552264072737
FFNN
0.896818121484723 0.001308708329838119 0.39580737910388825 0.004111556569494374



